1100000011101000000000111100000000000000000000000000000111111111111111000000010000011110000001001100000001001110000000000000000000000000001111111111111111111111110000
1111000010000000010001111111000000000000000000000000000111111111111100000001110000011111110000000000000000011110000000000000000000000000001111111111000011111111100000
1111000000000000000000000111000000000000000000000000000111111111111111111111100000011111111000000000000111111110000000000000000000000000001111111111111111111111000000
1111000000000000000000010011000000000000000000000000000111111111111111111111100000011111100000000000000001111110000000000000000000000000001111111111111111111111000000
1111000000000000100000001111000000000000000000000000000111111111111111111111110000011100001110000001100000011110000000000000000000000000001111111111111111111111100000
1111000111000000110000001111000000000000000000000000000111111111111111000011111000011111000000000000000110000110000000000000000000000000001111111110011111111111110000
1111000011000000001110000111000000000000000000000000000111111111001111111111110000011111110000000110000001111110000000000000000000000000001111111111110000011111100000
1110000011000001111111111111000000000000000000000000000111111111111011111111110000011111111000000111000000111110000000000000000000000000001111111111111110000001110000
1100011100010111100111110001000000000000000000000000000111111111111110000011111000011110000000100000111000001110000000000000000000000000001111111111111000000011110000
1100011110000010000010000111000000000000000000000000000111111111111100011111110000011111100000000000000000111110000000000000000000000000001111111111011111111111100000
1111000001100000111111111100000000000000000000000000000111111111111110111111110000011111100000001000001100111110000000000000000000000000001111111111111111111111000000
1111000010000000011100111111000000000000000000000000000111111111111000000111110000011110000000000000000000011110000000000000000000000000001111111110000011111111100000
1110001000000000000001000011000000000000000000000000000111111111111111000000010000011111000000000000000000011110000000000000000000000000001111101111111111111111100000
1110000000000000000001000011000000000000000000000000000111111111111100001111111000011111000001000000001110001110000000000000000000000000001111111111101111111111100000
1111011111100000000010100011000000000000000000000000000111111111111110000011110000011111100000000000000000111110000000000000000000000000001111111111111111111111100000
1111000110000000000110000111000000000000000000000000000111111111111100000011111000011100111100000000000111100110000000000000000000000000001111111111110000011111110000
1100001110000000000001111111000000000000000000000000000111111111111111111111110000011111111000000000000000111110000000000000000000000000001111111111111111111111100000
1100111110000000000111000011000000000000000000000000000111111111111111100000001000011100011100000000001100001110000000000000000000000000001111111100000011111111110000
1110000111110000000001111110000000000000000000000000000111111111111110000001110000011111000000000000000100001110000000000000000000000000001111111111110000111111100000
1111110000000011000110000111000000000000000000000000000111111111111111100000010000011111100000010000000000011110000000000000000000000000001111111000011111111111100000
1100101100011100000001110001000000000000000000000000000111111111111100001011111000011100000111000000001000001110000000000000000000000000001111111111111100000011110000
1111000000000000000000111111000000000000000000000000000111111111111111111111110000011111100000000000000001111110000000000000000000000000001111111111111111111111100000
1101111110000011000011000011000000000000000000000000000111111111111000001111111000011111000000000011100000011110000000000000000000000000001111111111111111111111100000
1100111111100110000001100001000000000000000000000000000111111111101111111111110000011111100000000000000000111110000000000000000000000000001111111111111110000111100000
1110001110011100000001111000000000000000000000000000000111111111111111111111111000011111000000000000000000011110000000000000000000000000001111111111111100000011100000
1001111001000000001110000111000000000000000000000000000111111111111111111111111000011111000000000011100000111110000000000000000000000000001111111111111111000111110000
1100001111110000000110000001000000000000000000000000000111111111111110000000110000011100000001100000111000001110000000000000000000000000001111111111000000011111100000
1110000100000111000011100011000000000000000000000000000111111111111111110000000000011111111000000000000011111110000000000000000000000000001111111111111111111111100000
1111000001100000011111111111000000000000000000000000000111111111111111111111110000011111101100000001000000111110000000000000000000000000001111111111111111111111100000
1110000111100000000111000011000000000000000000000000000111111111111110000000111000011100011100000000001111100110000000000000000000000000001111111111000011111111110000
1110000000000000000010100001000000000000000000000000000111111111111111111111110000011111111000000110000001111110000000000000000000000000001111111111111111111111000000
1100001111000111110001111000000000000000000000000000000111111111111110000000110000011111000001100110000000111110000000000000000000000000001111111111010011111111100000
1100001111000000000001000011000000000000000000000000000111111111111111111111110000011111110000000100000001111110000000000000000000000000001111111111111111111111100000
1100111000001000000000000011000000000000000000000000000111111111011111111111110000011111110000000000000001111110000000000000000000000000001111111111111111111111100000
1111111000000100000001100011000000000000000000000000000111111111111111111111100000011111111000000000000001111110000000000000000000000000001111111111111111111111000000
1100011110011111000000110000000000000000000000000000000111111111111111000000111000011111100000000011100000001110000000000000000000000000001111111111111111111111100000
1000111000011100000011100011000000000000000000000000000111111111111111110000001000011111100000000000000000111110000000000000000000000000001111111111111111111111100000
1110000111000000000001111101000000000000000000000000000111111111110000111111110000011111000000000000000000111110000000000000000000000000001111111111111111111111100000
1110001110000111000000110001000000000000000000000000000111111111111111110001101000011111000001001100000000000110000000000000000000000000001111111110110011111111100000
1000011111101000001111000011000000000000000000000000000111111111111111110000000000011111000000000010110000001110000000000000000000000000001111111111111111111111100000
1111011000000100001110000111000000000000000000000000000111111111110011111111110000011111100000010000000000111110000000000000000000000000001111111111101111111111100000
1100111110000000000110000111000000000000000000000000000111111111111111100000001000011111111100000000100000011110000000000000000000000000001111111101111111111111110000
1110000110000011100001110111000000000000000000000000000111111111111111110000000000011111000000000000000001111110000000000000000000000000001111111100000111111111100000
1111000000011110000011111111000000000000000000000000000111111111111111111111110000011000011111010000011000001110000000000000000000000000001111111111111100000011100000
1111111110000000000101000111000000000000000000000000000111111111111111111111000000011111111000000000000000111110000000000000000000000000001111111111111111111110000000
1111000011000000001111111111000000000000000000000000000111111111111100000011110000011111100000000000000100011110000000000000000000000000001111111111110011011111100000
1111011100000000000001000111000000000000000000000000000111111111111111110000000000011110011000000000000001011110000000000000000000000000001110000001111111111111100000
1110001110000000000011111111000000000000000000000000000111111111111111111111110000011110111100000011110000011110000000000000000000000000001111111111110000001111100000
1111100000001110000011110011000000000000000000000000000111111111111111111111110000011111000000000001100000011110000000000000000000000000001111111111111111111111100000
1110011000000010111000000011000000000000000000000000000111111111111111100000000000011111000000000000000000001110000000000000000000000000001111110000111111111111100000
1110000111000000011111110011000000000000000000000000000111111111111111111111110000011110011100000000100000011110000000000000000000000000001111111111111100000001100000
1111100000000000000000011111000000000000000000000000000111111111111111111111110000011110000011000011110000011110000000000000000000000000001111111111111111111111100000
1111000011100000000110000111000000000000000000000000000111111111111110000000110000011111000000000001000000011110000000000000000000000000001111111000111111111111100000
1100001110000010011001110001000000000000000000000000000111111111111110000011110000011111100000010000000000011110000000000000000000000000001111111111010111111111100000
1111110000000000011000000111000000000000000000000000000111111111100111111111110000011100001000000001101110001110000000000000000000000000001111111111111111011111110000
1100001110000000111000111111000000000000000000000000000111111111111111110000111000011110001110000000000000001110000000000000000000000000001111111111111000011111110000
1100001000001101000011000011000000000000000000000000000111111111111000101111110000011111100000000000000001111110000000000000000000000000001111111111111111111111100000
1111110000000000010010000111000000000000000000000000000111111111100001111111110000011111100000100000000000011110000000000000000000000000001111111111111111111111100000
1110001100001111000000000111000000000000000000000000000111111111111000000111111000011100001000000111100000010110000000000000000000000000001111111110000011111111110000
1100000011100001110001111000000000000000000000000000000111111111111111100000001000011111000000111001100000011110000000000000000000000000001111111111111100011111100000
1110001111000000010110100001000000000000000000000000000111111111111111000000110000011111000000000000000000011110000000000000000000000000001111111111111111111111100000
1110000011100000100001110001000000000000000000000000000111111111111100000011110000011100000000000111110000011110000000000000000000000000001111111111111100000111110000
1110000011000010000001111111000000000000000000000000000111111111111000000111110000011110001111000001100000011110000000000000000000000000001111111111100000111111100000
1111111000010000000011000011000000000000000000000000000111111111110011111111110000011111110000000000000000011110000000000000000000000000001111111111111111111111100000
1110000000000000000110000111000000000000000000000000000111111111111111100000001000011110001100000000000011100010000000000000000000000000001111111100001111111111110000
1110000111000000001000111111000000000000000000000000000111111111111110000011111000011110111000000000010000001110000000000000000000000000001111111111100000111111110000
1000110000000000111110000011000000000000000000000000000111111111111111100000110000011111100000000000000000111110000000000000000000000000001111111110001111111111100000
1110000011001000000011110011000000000000000000000000000111111111111100000011110000011111100000000000000000011110000000000000000000000000001111111111001111111111100000
1110110000000100111000000111000000000000000000000000000111111111111110110000000000011111000011100000000000001110000000000000000000000000001111110000011111111111100000
1111000000000100000001111111000000000000000000000000000111111111111111111111100000011111110000000000000000111110000000000000000000000000001111111111111111111111000000
1100001110000001000011000111000000000000000000000000000111111111111111110000000000011110000011000000000000000110000000000000000000000000001111111111001111111111110000
1110000100000111000000010001000000000000000000000000000111111111110001111111110000011111100000000000000000011110000000000000000000000000001111111111111111111111100000
1111111100000001111110000111000000000000000000000000000111111111000011111111111000011111000000000000000100011110000000000000000000000000001111111111100101111111110000
1111111110000001110000001111000000000000000000000000000111111111000000111111111000011111000011000000000011101110000000000000000000000000001111111111100011111111110000
1111000001110000000011111001000000000000000000000000000111111111111000000111111000011000111100000000001111100110000000000000000000000000001111111111111000000011110000
1111000001100000010111111111000000000000000000000000000111111111111110100111110000011111100000000000001100001110000000000000000000000000001111111111111110000001100000
1111000100000000110000011111000000000000000000000000000111111111111111111111110000011111000001000000011100001110000000000000000000000000001111111111111111111111100000
1110000001000000000111111011000000000000000000000000000111111111111111111111110000011111100110000000100000011110000000000000000000000000001111111111111111111111100000
1110000111000010000001111111000000000000000000000000000111111111111111111111110000011111000000001100000000111110000000000000000000000000001111111111111111111111100000
1110010000000000000000000111000000000000000000000000000111111111111111100011100000011111100000000000000000111110000000000000000000000000001111111111111111111111100000
1111000000000000000111111101000000000000000000000000000111111111111111110000011000011110000000011111000000111110000000000000000000000000001111111111111000000111110000
1000111111111111000111000001000000000000000000000000000111111111111110000000110000011110000001111111111000001110000000000000000000000000001111111111111100000111110000
1110001100000001110000010111000000000000000000000000000111111111111000011111111000011111000000000000000000011110000000000000000000000000001111111111000001111111100000
1111111100000001000000100011000000000000000000000000000111111111111111111111100000011111110000000000000011111110000000000000000000000000001111111111111111111111000000
1111111100000000000000001011000000000000000000000000000111111111111111111111000000011111111000000000000011111110000000000000000000000000001111111111111111111110000000
1111000000000000000000000011000000000000000000000000000111111111111111111111100000011111111000000010000011111110000000000000000000000000001111111111111111111111000000
1110000000000000000000000111000000000000000000000000000111111111111111111111100000011111111000000000000011111110000000000000000000000000001111111111111111111111000000
1111111100000000000001100111000000000000000000000000000111111111111111111111100000011111110000000000000000111110000000000000000000000000001111111111111111111111000000
1111110000000000100000001111000000000000000000000000000111111111111111100000000000011111000111000000001000001110000000000000000000000000001111111110111111111111100000
1110001110000000000011111011000000000000000000000000000111111111111100000111110000011111000001000000001100011110000000000000000000000000001111111111111111111111100000
1111000000000000100000111111000000000000000000000000000111111111111110000000110000011111000000000000001110001110000000000000000000000000001111111100000111111111110000
1111110000000000000000001111000000000000000000000000000111111111111111111111100000011110000000000011100000111110000000000000000000000000001111111111111111111111100000
1110001110000000100010110111000000000000000000000000000111111111111111111111110000011111110000000000000000111110000000000000000000000000001111111111111111111111100000
1110111110000000000011000011000000000000000000000000000111111111111111100000001000011100011100000000000100001110000000000000000000000000001111111000001111111111110000
1111000010000110000001010011000000000000000000000000000111111111111110000111110000011111100000000000000000111110000000000000000000000000001111111111111111111111100000
1110001100001000000011000011000000000000000000000000000111111111111110000011110000011111000000000000010110011110000000000000000000000000001111111111001111111111100000
1000001111000000100011111000000000000000000000000000000111111111111100000011111000011110000000000111110000001110000000000000000000000000001111111111111100000001110000
1111110000000001000001001111000000000000000000000000000111111111111000101111110000011111100000000000000110011110000000000000000000000000001111111111111111111111100000
1100111110001111100011000001000000000000000000000000000111111111111111111111111000011111110000000001000000111110000000000000000000000000001111111111111111111111100000
1100001110101100000000111000000000000000000000000000000111111111111110011111110000011111011000000001100000011110000000000000000000000000001111111111110000001111100000
